Create a function combos, that accepts a single +ve integer num (30>num>0) and returns an array of arrays of +ve integers that sum to num.

Example:-

combos(3) => [[3],[1, 1, 1],[1, 2]]
combos(10) => 
[ 
[10],
[1, 1, 1, 1, 1, 1, 1, 1, 1, 1],
[1, 1, 1, 1, 1, 1, 1, 1, 2],
[1, 1, 1, 1, 1, 1, 1, 3],
[1, 1, 1, 1, 1, 1, 4],
[1, 1, 1, 1, 1, 5],
[1, 1, 1, 1, 6],
[1, 1, 1, 7],
[1, 1, 8],
[1, 9],
[1, 1, 1, 1, 1, 1, 1, 2, 2],
[1, 1, 1, 1, 1, 1, 2, 3],
[1, 1, 1, 1, 2, 4],
[1, 1, 1, 1, 2, 2, 2],
[1, 1, 1, 1, 3, 3],
[1, 1, 1, 2, 5],
[1, 1, 1, 2, 2, 3],
[1, 1, 1, 3, 4],
[1, 1, 2, 6],.....................
]
